0.99608 0.97647 0.83529
0.99608 0.97647 0.83529
0.99608 0.97647 0.83529
0.99608 0.97647 0.83529
0.99608 0.97647 0.83529
0.99608 0.97647 0.83529
0.99608 0.97647 0.83529
0.99608 0.97647 0.83529
0.99608 0.97647 0.83529
0.99608 0.97647 0.83529
0.99608 0.97647 0.83529
0.99608 0.97647 0.83529
0.99608 0.97647 0.83529
0.99608 0.97647 0.83529
0.99608 0.97647 0.83529
0.99608 0.97647 0.83529
0.99608 0.97647 0.83529
0.99608 0.97647 0.83529
0.99608 0.97647 0.83529
0.99608 0.97647 0.83529
0.99608 0.97647 0.83529
0.99608 0.97647 0.83529
0.99608 0.97647 0.83529
0.99608 0.97647 0.83529
0.99608 0.97647 0.83529
0.99608 0.97647 0.83529
0.99608 0.97647 0.83529
0.99608 0.97647 0.83529
0.99608 0.97647 0.83529
0.99608 0.97647 0.83529
0.99608 0.97647 0.83529
0.99608 0.97647 0.83529
0.99608 0.97647 0.83529
0.99608 0.97647 0.83529
0.99608 0.97647 0.83529
0.99608 0.97647 0.83529
0.99608 0.97647 0.83529
0.99608 0.97647 0.83529
0.99608 0.97647 0.83529
0.99608 0.97647 0.83529
0.99608 0.97647 0.83529
0.99608 0.97647 0.83529
