0.99608 0.97647 0.83529
0.99608 0.97647 0.83529
0.99608 0.97647 0.83529
0.99608 0.97647 0.83529
0.99608 0.97647 0.83529
0.99608 0.97647 0.83529
0.99608 0.97647 0.83529
0.99608 0.97647 0.83529
0.99608 0.97647 0.83529
0.99608 0.97647 0.83529
0.99608 0.97647 0.83529
0.99608 0.97647 0.83529
0.82659 0.55474 0.52958
0.82659 0.55474 0.52958
0.82659 0.55474 0.52958
0.82659 0.55474 0.52958
0.82659 0.55474 0.52958
0.82659 0.55474 0.52958
0.82659 0.55474 0.52958
0.82659 0.55474 0.52958
0.82659 0.55474 0.52958
0.82659 0.55474 0.52958
0.82659 0.55474 0.52958
0.82659 0.55474 0.52958
0.82659 0.55474 0.52958
0.82659 0.55474 0.52958
0.82659 0.55474 0.52958
0.82659 0.55474 0.52958
0.99608 0.97647 0.83529
0.99608 0.97647 0.83529
0.99608 0.97647 0.83529
0.99608 0.97647 0.83529
0.99608 0.97647 0.83529
0.99608 0.97647 0.83529
0.99608 0.97647 0.83529
0.99608 0.97647 0.83529
0.99608 0.97647 0.83529
0.99608 0.97647 0.83529
0.99608 0.97647 0.83529
0.99608 0.97647 0.83529
0.99608 0.97647 0.83529
0.99608 0.97647 0.83529
0.99608 0.97647 0.83529
0.99608 0.97647 0.83529
0.99608 0.97647 0.83529
0.99608 0.97647 0.83529
0.99608 0.97647 0.83529
0.99608 0.97647 0.83529
0.99608 0.97647 0.83529
0.99608 0.97647 0.83529
0.99608 0.97647 0.83529
0.99608 0.97647 0.83529
0.99608 0.97647 0.83529
0.99608 0.97647 0.83529
0.99608 0.97647 0.83529
0.99608 0.97647 0.83529
0.99608 0.97647 0.83529
0.99608 0.97647 0.83529
0.99608 0.97647 0.83529
0.99608 0.97647 0.83529
