0.28459 0.59828 0.76794
0.28459 0.59828 0.76794
0.28459 0.59828 0.76794
0.28459 0.59828 0.76794
0.28459 0.59828 0.76794
0.28459 0.59828 0.76794
0.28459 0.59828 0.76794
0.28459 0.59828 0.76794
0.28459 0.59828 0.76794
0.28459 0.59828 0.76794
0.28459 0.59828 0.76794
0.28459 0.59828 0.76794
0.99608 0.97647 0.83529
0.99608 0.97647 0.83529
0.99608 0.97647 0.83529
0.99608 0.97647 0.83529
0.99608 0.97647 0.83529
0.99608 0.97647 0.83529
0.99608 0.97647 0.83529
0.99608 0.97647 0.83529
0.99608 0.97647 0.83529
0.99608 0.97647 0.83529
0.99608 0.97647 0.83529
0.99608 0.97647 0.83529
0.99608 0.97647 0.83529
0.99608 0.97647 0.83529
0.99608 0.97647 0.83529
0.99608 0.97647 0.83529
0.99608 0.97647 0.83529
0.99608 0.97647 0.83529
0.99608 0.97647 0.83529
0.99608 0.97647 0.83529
0.99608 0.97647 0.83529
0.99608 0.97647 0.83529
0.99608 0.97647 0.83529
0.99608 0.97647 0.83529
0.99608 0.97647 0.83529
0.99608 0.97647 0.83529
0.99608 0.97647 0.83529
0.99608 0.97647 0.83529
0.99608 0.97647 0.83529
0.99608 0.97647 0.83529
0.99608 0.97647 0.83529
0.99608 0.97647 0.83529
0.99608 0.97647 0.83529
0.99608 0.97647 0.83529
0.99608 0.97647 0.83529
0.99608 0.97647 0.83529
0.99608 0.97647 0.83529
0.99608 0.97647 0.83529
0.99608 0.97647 0.83529
0.99608 0.97647 0.83529
0.99608 0.97647 0.83529
0.99608 0.97647 0.83529
0.99608 0.97647 0.83529
0.99608 0.97647 0.83529
0.99608 0.97647 0.83529
0.99608 0.97647 0.83529
0.99608 0.97647 0.83529
0.99608 0.97647 0.83529
