0.99608 0.97647 0.83529
0.99608 0.97647 0.83529
0.99608 0.97647 0.83529
0.99608 0.97647 0.83529
0.99608 0.97647 0.83529
0.99608 0.97647 0.83529
0.99608 0.97647 0.83529
0.99608 0.97647 0.83529
0.99608 0.97647 0.83529
0.99608 0.97647 0.83529
0.99608 0.97647 0.83529
0.99608 0.97647 0.83529
0.99608 0.97647 0.83529
0.99608 0.97647 0.83529
0.99608 0.97647 0.83529
0.99608 0.97647 0.83529
0.99608 0.97647 0.83529
0.99608 0.97647 0.83529
0.99608 0.97647 0.83529
0.99608 0.97647 0.83529
0.99608 0.97647 0.83529
0.99608 0.97647 0.83529
0.99608 0.97647 0.83529
0.99608 0.97647 0.83529
0.99608 0.97647 0.83529
0.99608 0.97647 0.83529
0.99608 0.97647 0.83529
0.99608 0.97647 0.83529
0.38623 0.6523 0.77756
0.38623 0.6523 0.77756
0.38623 0.6523 0.77756
0.38623 0.6523 0.77756
0.38623 0.6523 0.77756
0.38623 0.6523 0.77756
0.38623 0.6523 0.77756
0.38623 0.6523 0.77756
0.38623 0.6523 0.77756
0.38623 0.6523 0.77756
0.38623 0.6523 0.77756
0.38623 0.6523 0.77756
0.38623 0.6523 0.77756
0.38623 0.6523 0.77756
