0.635 0.078 0.184
0.635 0.078 0.184
0.635 0.078 0.184
0.635 0.078 0.184
0.635 0.078 0.184
0.635 0.078 0.184
0.635 0.078 0.184
0.635 0.078 0.184
0.635 0.078 0.184
0.635 0.078 0.184
0.635 0.078 0.184
0.635 0.078 0.184
0.99608 0.97647 0.83529
0.99608 0.97647 0.83529
0.99608 0.97647 0.83529
0.99608 0.97647 0.83529
0.99608 0.97647 0.83529
0.99608 0.97647 0.83529
0.99608 0.97647 0.83529
0.99608 0.97647 0.83529
0.99608 0.97647 0.83529
0.99608 0.97647 0.83529
0.99608 0.97647 0.83529
0.99608 0.97647 0.83529
0.99608 0.97647 0.83529
0.99608 0.97647 0.83529
0.99608 0.97647 0.83529
0.99608 0.97647 0.83529
0.99608 0.97647 0.83529
0.99608 0.97647 0.83529
0.99608 0.97647 0.83529
0.99608 0.97647 0.83529
0.99608 0.97647 0.83529
0.99608 0.97647 0.83529
0.99608 0.97647 0.83529
0.99608 0.97647 0.83529
0.99608 0.97647 0.83529
0.99608 0.97647 0.83529
0.99608 0.97647 0.83529
0.99608 0.97647 0.83529
0.99608 0.97647 0.83529
0.99608 0.97647 0.83529
