0.89444 0.92244 0.82567
0.89444 0.92244 0.82567
0.89444 0.92244 0.82567
0.89444 0.92244 0.82567
0.89444 0.92244 0.82567
0.89444 0.92244 0.82567
0.89444 0.92244 0.82567
0.89444 0.92244 0.82567
0.89444 0.92244 0.82567
0.89444 0.92244 0.82567
0.89444 0.92244 0.82567
0.89444 0.92244 0.82567
0.56919 0.74955 0.79488
0.56919 0.74955 0.79488
0.56919 0.74955 0.79488
0.56919 0.74955 0.79488
0.56919 0.74955 0.79488
0.56919 0.74955 0.79488
0.56919 0.74955 0.79488
0.56919 0.74955 0.79488
0.56919 0.74955 0.79488
0.56919 0.74955 0.79488
0.56919 0.74955 0.79488
0.56919 0.74955 0.79488
0.56919 0.74955 0.79488
0.56919 0.74955 0.79488
0.56919 0.74955 0.79488
0.56919 0.74955 0.79488
0.38623 0.6523 0.77756
0.38623 0.6523 0.77756
0.38623 0.6523 0.77756
0.38623 0.6523 0.77756
0.38623 0.6523 0.77756
0.38623 0.6523 0.77756
0.38623 0.6523 0.77756
0.38623 0.6523 0.77756
0.38623 0.6523 0.77756
0.38623 0.6523 0.77756
0.38623 0.6523 0.77756
0.38623 0.6523 0.77756
0.38623 0.6523 0.77756
0.38623 0.6523 0.77756
0.38623 0.6523 0.77756
0.38623 0.6523 0.77756
0 0.447 0.741
0 0.447 0.741
0 0.447 0.741
0 0.447 0.741
0 0.447 0.741
0 0.447 0.741
0 0.447 0.741
0 0.447 0.741
0 0.447 0.741
0 0.447 0.741
0.42689 0.67392 0.78141
0.42689 0.67392 0.78141
0.42689 0.67392 0.78141
0.42689 0.67392 0.78141
0.42689 0.67392 0.78141
0.42689 0.67392 0.78141
