0.32525 0.61989 0.77179
0.32525 0.61989 0.77179
0.32525 0.61989 0.77179
0.32525 0.61989 0.77179
0.32525 0.61989 0.77179
0.32525 0.61989 0.77179
0.32525 0.61989 0.77179
0.32525 0.61989 0.77179
0.32525 0.61989 0.77179
0.32525 0.61989 0.77179
0.32525 0.61989 0.77179
0.32525 0.61989 0.77179
0.97575 0.96567 0.83337
0.97575 0.96567 0.83337
0.97575 0.96567 0.83337
0.97575 0.96567 0.83337
0.97575 0.96567 0.83337
0.97575 0.96567 0.83337
0.97575 0.96567 0.83337
0.97575 0.96567 0.83337
0.97575 0.96567 0.83337
0.97575 0.96567 0.83337
0.97575 0.96567 0.83337
0.97575 0.96567 0.83337
0.97575 0.96567 0.83337
0.97575 0.96567 0.83337
0.97575 0.96567 0.83337
0.97575 0.96567 0.83337
0.63017 0.78197 0.80066
0.63017 0.78197 0.80066
0.63017 0.78197 0.80066
0.63017 0.78197 0.80066
0.63017 0.78197 0.80066
0.63017 0.78197 0.80066
0.63017 0.78197 0.80066
0.63017 0.78197 0.80066
0.63017 0.78197 0.80066
0.63017 0.78197 0.80066
0.63017 0.78197 0.80066
0.63017 0.78197 0.80066
0.63017 0.78197 0.80066
0.63017 0.78197 0.80066
0.63017 0.78197 0.80066
0.63017 0.78197 0.80066
0 0.447 0.741
0 0.447 0.741
0 0.447 0.741
0 0.447 0.741
0 0.447 0.741
0 0.447 0.741
0 0.447 0.741
0 0.447 0.741
0 0.447 0.741
0 0.447 0.741
0.98871 0.95813 0.822
0.98871 0.95813 0.822
0.98871 0.95813 0.822
0.98871 0.95813 0.822
0.98871 0.95813 0.822
0.98871 0.95813 0.822
