0.12197 0.51183 0.75255
0.12197 0.51183 0.75255
0.12197 0.51183 0.75255
0.12197 0.51183 0.75255
0.12197 0.51183 0.75255
0.12197 0.51183 0.75255
0.12197 0.51183 0.75255
0.12197 0.51183 0.75255
0.12197 0.51183 0.75255
0.12197 0.51183 0.75255
0.12197 0.51183 0.75255
0.12197 0.51183 0.75255
0.93713 0.82978 0.72896
0.93713 0.82978 0.72896
0.93713 0.82978 0.72896
0.93713 0.82978 0.72896
0.93713 0.82978 0.72896
0.93713 0.82978 0.72896
0.93713 0.82978 0.72896
0.93713 0.82978 0.72896
0.93713 0.82978 0.72896
0.93713 0.82978 0.72896
0.93713 0.82978 0.72896
0.93713 0.82978 0.72896
0.93713 0.82978 0.72896
0.93713 0.82978 0.72896
0.93713 0.82978 0.72896
0.93713 0.82978 0.72896
0 0.447 0.741
0 0.447 0.741
0 0.447 0.741
0 0.447 0.741
0 0.447 0.741
0 0.447 0.741
0 0.447 0.741
0 0.447 0.741
0 0.447 0.741
0 0.447 0.741
0 0.447 0.741
0 0.447 0.741
0 0.447 0.741
0 0.447 0.741
0 0.447 0.741
0 0.447 0.741
0.81313 0.87922 0.81797
0.81313 0.87922 0.81797
0.81313 0.87922 0.81797
0.81313 0.87922 0.81797
0.81313 0.87922 0.81797
0.81313 0.87922 0.81797
0.81313 0.87922 0.81797
0.81313 0.87922 0.81797
0.81313 0.87922 0.81797
0.81313 0.87922 0.81797
0.77247 0.85761 0.81413
0.77247 0.85761 0.81413
0.77247 0.85761 0.81413
0.77247 0.85761 0.81413
0.77247 0.85761 0.81413
0.77247 0.85761 0.81413
