0.78238 0.44472 0.44983
0.78238 0.44472 0.44983
0.78238 0.44472 0.44983
0.78238 0.44472 0.44983
0.78238 0.44472 0.44983
0.78238 0.44472 0.44983
0.78238 0.44472 0.44983
0.78238 0.44472 0.44983
0.78238 0.44472 0.44983
0.78238 0.44472 0.44983
0.78238 0.44472 0.44983
0.78238 0.44472 0.44983
0.48788 0.70633 0.78718
0.48788 0.70633 0.78718
0.48788 0.70633 0.78718
0.48788 0.70633 0.78718
0.48788 0.70633 0.78718
0.48788 0.70633 0.78718
0.48788 0.70633 0.78718
0.48788 0.70633 0.78718
0.48788 0.70633 0.78718
0.48788 0.70633 0.78718
0.48788 0.70633 0.78718
0.48788 0.70633 0.78718
0.48788 0.70633 0.78718
0.48788 0.70633 0.78718
0.95923 0.88479 0.76884
0.95923 0.88479 0.76884
0.95923 0.88479 0.76884
0.95923 0.88479 0.76884
0.95923 0.88479 0.76884
0.95923 0.88479 0.76884
0.95923 0.88479 0.76884
0.95923 0.88479 0.76884
0.95923 0.88479 0.76884
0.95923 0.88479 0.76884
0.95923 0.88479 0.76884
0.95923 0.88479 0.76884
0.95923 0.88479 0.76884
0.95923 0.88479 0.76884
