0.79712 0.48139 0.47642
0.79712 0.48139 0.47642
0.79712 0.48139 0.47642
0.79712 0.48139 0.47642
0.79712 0.48139 0.47642
0.79712 0.48139 0.47642
0.79712 0.48139 0.47642
0.79712 0.48139 0.47642
0.79712 0.48139 0.47642
0.79712 0.48139 0.47642
0.79712 0.48139 0.47642
0.79712 0.48139 0.47642
0.97397 0.92146 0.79542
0.97397 0.92146 0.79542
0.97397 0.92146 0.79542
0.97397 0.92146 0.79542
0.97397 0.92146 0.79542
0.97397 0.92146 0.79542
0.97397 0.92146 0.79542
0.97397 0.92146 0.79542
0.97397 0.92146 0.79542
0.97397 0.92146 0.79542
0.97397 0.92146 0.79542
0.97397 0.92146 0.79542
0.97397 0.92146 0.79542
0.97397 0.92146 0.79542
0.97397 0.92146 0.79542
0.97397 0.92146 0.79542
0.67083 0.80358 0.8045
0.67083 0.80358 0.8045
0.67083 0.80358 0.8045
0.67083 0.80358 0.8045
0.67083 0.80358 0.8045
0.67083 0.80358 0.8045
0.67083 0.80358 0.8045
0.67083 0.80358 0.8045
0.67083 0.80358 0.8045
0.67083 0.80358 0.8045
0.67083 0.80358 0.8045
0.67083 0.80358 0.8045
0.67083 0.80358 0.8045
0.67083 0.80358 0.8045
0.67083 0.80358 0.8045
0.67083 0.80358 0.8045
0.87818 0.68309 0.62263
0.87818 0.68309 0.62263
0.87818 0.68309 0.62263
0.87818 0.68309 0.62263
0.87818 0.68309 0.62263
0.87818 0.68309 0.62263
0.87818 0.68309 0.62263
0.87818 0.68309 0.62263
0.87818 0.68309 0.62263
0.87818 0.68309 0.62263
0.635 0.078 0.184
0.635 0.078 0.184
0.635 0.078 0.184
0.635 0.078 0.184
0.635 0.078 0.184
0.635 0.078 0.184
