0.98134 0.9398 0.80871
0.98134 0.9398 0.80871
0.98134 0.9398 0.80871
0.98134 0.9398 0.80871
0.98134 0.9398 0.80871
0.98134 0.9398 0.80871
0.98134 0.9398 0.80871
0.98134 0.9398 0.80871
0.98134 0.9398 0.80871
0.98134 0.9398 0.80871
0.98134 0.9398 0.80871
0.98134 0.9398 0.80871
0.98871 0.95813 0.822
0.98871 0.95813 0.822
0.98871 0.95813 0.822
0.98871 0.95813 0.822
0.98871 0.95813 0.822
0.98871 0.95813 0.822
0.98871 0.95813 0.822
0.98871 0.95813 0.822
0.98871 0.95813 0.822
0.98871 0.95813 0.822
0.98871 0.95813 0.822
0.98871 0.95813 0.822
0.98871 0.95813 0.822
0.98871 0.95813 0.822
0.78975 0.46306 0.46313
0.78975 0.46306 0.46313
0.78975 0.46306 0.46313
0.78975 0.46306 0.46313
0.78975 0.46306 0.46313
0.78975 0.46306 0.46313
0.78975 0.46306 0.46313
0.78975 0.46306 0.46313
0.78975 0.46306 0.46313
0.78975 0.46306 0.46313
0.78975 0.46306 0.46313
0.78975 0.46306 0.46313
0.78975 0.46306 0.46313
0.78975 0.46306 0.46313
