0.90028 0.7381 0.6625
0.90028 0.7381 0.6625
0.90028 0.7381 0.6625
0.90028 0.7381 0.6625
0.90028 0.7381 0.6625
0.90028 0.7381 0.6625
0.90028 0.7381 0.6625
0.90028 0.7381 0.6625
0.90028 0.7381 0.6625
0.90028 0.7381 0.6625
0.90028 0.7381 0.6625
0.90028 0.7381 0.6625
0.56919 0.74955 0.79488
0.56919 0.74955 0.79488
0.56919 0.74955 0.79488
0.56919 0.74955 0.79488
0.56919 0.74955 0.79488
0.56919 0.74955 0.79488
0.56919 0.74955 0.79488
0.56919 0.74955 0.79488
0.56919 0.74955 0.79488
0.56919 0.74955 0.79488
0.56919 0.74955 0.79488
0.56919 0.74955 0.79488
0.56919 0.74955 0.79488
0.56919 0.74955 0.79488
0.56919 0.74955 0.79488
0.56919 0.74955 0.79488
0.5082 0.71714 0.78911
0.5082 0.71714 0.78911
0.5082 0.71714 0.78911
0.5082 0.71714 0.78911
0.5082 0.71714 0.78911
0.5082 0.71714 0.78911
0.5082 0.71714 0.78911
0.5082 0.71714 0.78911
0.5082 0.71714 0.78911
0.5082 0.71714 0.78911
0.5082 0.71714 0.78911
0.5082 0.71714 0.78911
0.5082 0.71714 0.78911
0.5082 0.71714 0.78911
0.5082 0.71714 0.78911
0.5082 0.71714 0.78911
0.9666 0.90313 0.78213
0.9666 0.90313 0.78213
0.9666 0.90313 0.78213
0.9666 0.90313 0.78213
0.9666 0.90313 0.78213
0.9666 0.90313 0.78213
0.9666 0.90313 0.78213
0.9666 0.90313 0.78213
0.9666 0.90313 0.78213
0.9666 0.90313 0.78213
0 0.447 0.741
0 0.447 0.741
0 0.447 0.741
0 0.447 0.741
0 0.447 0.741
0 0.447 0.741
