0.28459 0.59828 0.76794
0.28459 0.59828 0.76794
0.28459 0.59828 0.76794
0.28459 0.59828 0.76794
0.28459 0.59828 0.76794
0.28459 0.59828 0.76794
0.28459 0.59828 0.76794
0.28459 0.59828 0.76794
0.28459 0.59828 0.76794
0.28459 0.59828 0.76794
0.28459 0.59828 0.76794
0.28459 0.59828 0.76794
0.89444 0.92244 0.82567
0.89444 0.92244 0.82567
0.89444 0.92244 0.82567
0.89444 0.92244 0.82567
0.89444 0.92244 0.82567
0.89444 0.92244 0.82567
0.89444 0.92244 0.82567
0.89444 0.92244 0.82567
0.89444 0.92244 0.82567
0.89444 0.92244 0.82567
0.89444 0.92244 0.82567
0.89444 0.92244 0.82567
0.89444 0.92244 0.82567
0.89444 0.92244 0.82567
0.89444 0.92244 0.82567
0.89444 0.92244 0.82567
0.81922 0.5364 0.51629
0.81922 0.5364 0.51629
0.81922 0.5364 0.51629
0.81922 0.5364 0.51629
0.81922 0.5364 0.51629
0.81922 0.5364 0.51629
0.81922 0.5364 0.51629
0.81922 0.5364 0.51629
0.81922 0.5364 0.51629
0.81922 0.5364 0.51629
0.81922 0.5364 0.51629
0.81922 0.5364 0.51629
0.81922 0.5364 0.51629
0.81922 0.5364 0.51629
0.81922 0.5364 0.51629
0.81922 0.5364 0.51629
0.86344 0.64642 0.59604
0.86344 0.64642 0.59604
0.86344 0.64642 0.59604
0.86344 0.64642 0.59604
0.86344 0.64642 0.59604
0.86344 0.64642 0.59604
0.86344 0.64642 0.59604
0.86344 0.64642 0.59604
0.86344 0.64642 0.59604
0.86344 0.64642 0.59604
0.635 0.078 0.184
0.635 0.078 0.184
0.635 0.078 0.184
0.635 0.078 0.184
0.635 0.078 0.184
0.635 0.078 0.184
