0.77501 0.42639 0.43654
0.77501 0.42639 0.43654
0.77501 0.42639 0.43654
0.77501 0.42639 0.43654
0.77501 0.42639 0.43654
0.77501 0.42639 0.43654
0.77501 0.42639 0.43654
0.77501 0.42639 0.43654
0.77501 0.42639 0.43654
0.77501 0.42639 0.43654
0.77501 0.42639 0.43654
0.77501 0.42639 0.43654
0.9445 0.84812 0.74225
0.9445 0.84812 0.74225
0.9445 0.84812 0.74225
0.9445 0.84812 0.74225
0.9445 0.84812 0.74225
0.9445 0.84812 0.74225
0.9445 0.84812 0.74225
0.9445 0.84812 0.74225
0.9445 0.84812 0.74225
0.9445 0.84812 0.74225
0.9445 0.84812 0.74225
0.9445 0.84812 0.74225
0.9445 0.84812 0.74225
0.9445 0.84812 0.74225
0.7928 0.86842 0.81605
0.7928 0.86842 0.81605
0.7928 0.86842 0.81605
0.7928 0.86842 0.81605
0.7928 0.86842 0.81605
0.7928 0.86842 0.81605
0.7928 0.86842 0.81605
0.7928 0.86842 0.81605
0.7928 0.86842 0.81605
0.7928 0.86842 0.81605
0.7928 0.86842 0.81605
0.7928 0.86842 0.81605
0.7928 0.86842 0.81605
0.7928 0.86842 0.81605
