0.77501 0.42639 0.43654
0.77501 0.42639 0.43654
0.77501 0.42639 0.43654
0.77501 0.42639 0.43654
0.77501 0.42639 0.43654
0.77501 0.42639 0.43654
0.77501 0.42639 0.43654
0.77501 0.42639 0.43654
0.77501 0.42639 0.43654
0.77501 0.42639 0.43654
0.77501 0.42639 0.43654
0.77501 0.42639 0.43654
0.77247 0.85761 0.81413
0.77247 0.85761 0.81413
0.77247 0.85761 0.81413
0.77247 0.85761 0.81413
0.77247 0.85761 0.81413
0.77247 0.85761 0.81413
0.77247 0.85761 0.81413
0.77247 0.85761 0.81413
0.77247 0.85761 0.81413
0.77247 0.85761 0.81413
0.77247 0.85761 0.81413
0.77247 0.85761 0.81413
0.77247 0.85761 0.81413
0.77247 0.85761 0.81413
0.76764 0.40805 0.42325
0.76764 0.40805 0.42325
0.76764 0.40805 0.42325
0.76764 0.40805 0.42325
0.76764 0.40805 0.42325
0.76764 0.40805 0.42325
0.76764 0.40805 0.42325
0.76764 0.40805 0.42325
0.76764 0.40805 0.42325
0.76764 0.40805 0.42325
0.76764 0.40805 0.42325
0.76764 0.40805 0.42325
0.76764 0.40805 0.42325
0.76764 0.40805 0.42325
