0.635 0.078 0.184
0.635 0.078 0.184
0.635 0.078 0.184
0.635 0.078 0.184
0.635 0.078 0.184
0.635 0.078 0.184
0.635 0.078 0.184
0.635 0.078 0.184
0.635 0.078 0.184
0.635 0.078 0.184
0.635 0.078 0.184
0.635 0.078 0.184
0.89444 0.92244 0.82567
0.89444 0.92244 0.82567
0.89444 0.92244 0.82567
0.89444 0.92244 0.82567
0.89444 0.92244 0.82567
0.89444 0.92244 0.82567
0.89444 0.92244 0.82567
0.89444 0.92244 0.82567
0.89444 0.92244 0.82567
0.89444 0.92244 0.82567
0.89444 0.92244 0.82567
0.89444 0.92244 0.82567
0.89444 0.92244 0.82567
0.89444 0.92244 0.82567
0.16263 0.53344 0.75639
0.16263 0.53344 0.75639
0.16263 0.53344 0.75639
0.16263 0.53344 0.75639
0.16263 0.53344 0.75639
0.16263 0.53344 0.75639
0.16263 0.53344 0.75639
0.16263 0.53344 0.75639
0.16263 0.53344 0.75639
0.16263 0.53344 0.75639
0.16263 0.53344 0.75639
0.16263 0.53344 0.75639
0.16263 0.53344 0.75639
0.16263 0.53344 0.75639
