0.060984 0.47942 0.74677
0.060984 0.47942 0.74677
0.060984 0.47942 0.74677
0.060984 0.47942 0.74677
0.060984 0.47942 0.74677
0.060984 0.47942 0.74677
0.060984 0.47942 0.74677
0.060984 0.47942 0.74677
0.060984 0.47942 0.74677
0.060984 0.47942 0.74677
0.060984 0.47942 0.74677
0.060984 0.47942 0.74677
0.86344 0.64642 0.59604
0.86344 0.64642 0.59604
0.86344 0.64642 0.59604
0.86344 0.64642 0.59604
0.86344 0.64642 0.59604
0.86344 0.64642 0.59604
0.86344 0.64642 0.59604
0.86344 0.64642 0.59604
0.86344 0.64642 0.59604
0.86344 0.64642 0.59604
0.86344 0.64642 0.59604
0.86344 0.64642 0.59604
0.86344 0.64642 0.59604
0.86344 0.64642 0.59604
0.86344 0.64642 0.59604
0.86344 0.64642 0.59604
0.77247 0.85761 0.81413
0.77247 0.85761 0.81413
0.77247 0.85761 0.81413
0.77247 0.85761 0.81413
0.77247 0.85761 0.81413
0.77247 0.85761 0.81413
0.77247 0.85761 0.81413
0.77247 0.85761 0.81413
0.77247 0.85761 0.81413
0.77247 0.85761 0.81413
0.77247 0.85761 0.81413
0.77247 0.85761 0.81413
0.77247 0.85761 0.81413
0.77247 0.85761 0.81413
0.77247 0.85761 0.81413
0.77247 0.85761 0.81413
0.95923 0.88479 0.76884
0.95923 0.88479 0.76884
0.95923 0.88479 0.76884
0.95923 0.88479 0.76884
0.95923 0.88479 0.76884
0.95923 0.88479 0.76884
0.95923 0.88479 0.76884
0.95923 0.88479 0.76884
0.95923 0.88479 0.76884
0.95923 0.88479 0.76884
0.76027 0.38971 0.40996
0.76027 0.38971 0.40996
0.76027 0.38971 0.40996
0.76027 0.38971 0.40996
0.76027 0.38971 0.40996
0.76027 0.38971 0.40996
