0.71148 0.82519 0.80835
0.71148 0.82519 0.80835
0.71148 0.82519 0.80835
0.71148 0.82519 0.80835
0.71148 0.82519 0.80835
0.71148 0.82519 0.80835
0.71148 0.82519 0.80835
0.71148 0.82519 0.80835
0.71148 0.82519 0.80835
0.71148 0.82519 0.80835
0.71148 0.82519 0.80835
0.71148 0.82519 0.80835
0.67083 0.80358 0.8045
0.67083 0.80358 0.8045
0.67083 0.80358 0.8045
0.67083 0.80358 0.8045
0.67083 0.80358 0.8045
0.67083 0.80358 0.8045
0.67083 0.80358 0.8045
0.67083 0.80358 0.8045
0.67083 0.80358 0.8045
0.67083 0.80358 0.8045
0.67083 0.80358 0.8045
0.67083 0.80358 0.8045
0.67083 0.80358 0.8045
0.67083 0.80358 0.8045
0.30492 0.60908 0.76987
0.30492 0.60908 0.76987
0.30492 0.60908 0.76987
0.30492 0.60908 0.76987
0.30492 0.60908 0.76987
0.30492 0.60908 0.76987
0.30492 0.60908 0.76987
0.30492 0.60908 0.76987
0.30492 0.60908 0.76987
0.30492 0.60908 0.76987
0.30492 0.60908 0.76987
0.30492 0.60908 0.76987
0.30492 0.60908 0.76987
0.30492 0.60908 0.76987
