0.5082 0.71714 0.78911
0.5082 0.71714 0.78911
0.5082 0.71714 0.78911
0.5082 0.71714 0.78911
0.5082 0.71714 0.78911
0.5082 0.71714 0.78911
0.5082 0.71714 0.78911
0.5082 0.71714 0.78911
0.5082 0.71714 0.78911
0.5082 0.71714 0.78911
0.5082 0.71714 0.78911
0.5082 0.71714 0.78911
0.73181 0.836 0.81028
0.73181 0.836 0.81028
0.73181 0.836 0.81028
0.73181 0.836 0.81028
0.73181 0.836 0.81028
0.73181 0.836 0.81028
0.73181 0.836 0.81028
0.73181 0.836 0.81028
0.73181 0.836 0.81028
0.73181 0.836 0.81028
0.73181 0.836 0.81028
0.73181 0.836 0.81028
0.73181 0.836 0.81028
0.73181 0.836 0.81028
0.83345 0.89003 0.8199
0.83345 0.89003 0.8199
0.83345 0.89003 0.8199
0.83345 0.89003 0.8199
0.83345 0.89003 0.8199
0.83345 0.89003 0.8199
0.83345 0.89003 0.8199
0.83345 0.89003 0.8199
0.83345 0.89003 0.8199
0.83345 0.89003 0.8199
0.83345 0.89003 0.8199
0.83345 0.89003 0.8199
0.83345 0.89003 0.8199
0.83345 0.89003 0.8199
