0.84133 0.59141 0.55617
0.84133 0.59141 0.55617
0.84133 0.59141 0.55617
0.84133 0.59141 0.55617
0.84133 0.59141 0.55617
0.84133 0.59141 0.55617
0.84133 0.59141 0.55617
0.84133 0.59141 0.55617
0.84133 0.59141 0.55617
0.84133 0.59141 0.55617
0.84133 0.59141 0.55617
0.84133 0.59141 0.55617
0.82659 0.55474 0.52958
0.82659 0.55474 0.52958
0.82659 0.55474 0.52958
0.82659 0.55474 0.52958
0.82659 0.55474 0.52958
0.82659 0.55474 0.52958
0.82659 0.55474 0.52958
0.82659 0.55474 0.52958
0.82659 0.55474 0.52958
0.82659 0.55474 0.52958
0.82659 0.55474 0.52958
0.82659 0.55474 0.52958
0.82659 0.55474 0.52958
0.82659 0.55474 0.52958
0.82659 0.55474 0.52958
0.82659 0.55474 0.52958
0.54886 0.73875 0.79296
0.54886 0.73875 0.79296
0.54886 0.73875 0.79296
0.54886 0.73875 0.79296
0.54886 0.73875 0.79296
0.54886 0.73875 0.79296
0.54886 0.73875 0.79296
0.54886 0.73875 0.79296
0.54886 0.73875 0.79296
0.54886 0.73875 0.79296
0.54886 0.73875 0.79296
0.54886 0.73875 0.79296
0.54886 0.73875 0.79296
0.54886 0.73875 0.79296
0.54886 0.73875 0.79296
0.54886 0.73875 0.79296
0.635 0.078 0.184
0.635 0.078 0.184
0.635 0.078 0.184
0.635 0.078 0.184
0.635 0.078 0.184
0.635 0.078 0.184
0.635 0.078 0.184
0.635 0.078 0.184
0.635 0.078 0.184
0.635 0.078 0.184
0.71606 0.2797 0.33021
0.71606 0.2797 0.33021
0.71606 0.2797 0.33021
0.71606 0.2797 0.33021
0.71606 0.2797 0.33021
0.71606 0.2797 0.33021
