0.91477 0.93325 0.8276
0.91477 0.93325 0.8276
0.91477 0.93325 0.8276
0.91477 0.93325 0.8276
0.91477 0.93325 0.8276
0.91477 0.93325 0.8276
0.91477 0.93325 0.8276
0.91477 0.93325 0.8276
0.91477 0.93325 0.8276
0.91477 0.93325 0.8276
0.91477 0.93325 0.8276
0.91477 0.93325 0.8276
0.95542 0.95486 0.83145
0.95542 0.95486 0.83145
0.95542 0.95486 0.83145
0.95542 0.95486 0.83145
0.95542 0.95486 0.83145
0.95542 0.95486 0.83145
0.95542 0.95486 0.83145
0.95542 0.95486 0.83145
0.95542 0.95486 0.83145
0.95542 0.95486 0.83145
0.95542 0.95486 0.83145
0.95542 0.95486 0.83145
0.95542 0.95486 0.83145
0.95542 0.95486 0.83145
0.38623 0.6523 0.77756
0.38623 0.6523 0.77756
0.38623 0.6523 0.77756
0.38623 0.6523 0.77756
0.38623 0.6523 0.77756
0.38623 0.6523 0.77756
0.38623 0.6523 0.77756
0.38623 0.6523 0.77756
0.38623 0.6523 0.77756
0.38623 0.6523 0.77756
0.38623 0.6523 0.77756
0.38623 0.6523 0.77756
0.38623 0.6523 0.77756
0.38623 0.6523 0.77756
